9.003000000000000114
18.010000000000001563
27.013999999999999346
36.014000000000002899
45.017000000000003013
54.018999999999998352
63.020000000000003126
72.031999999999996476
81.036000000000001364
90.061000000000007049
99.069999999999993179
108.072000000000002728
117.073999999999998067
126.096000000000003638
135.098000000000013188
144.100999999999999091
153.104999999999989768
162.109000000000008868
171.110999999999989996
180.116999999999990223
189.121000000000009322
198.122000000000014097
207.122999999999990450
216.123999999999995225
225.129999999999995453
234.133000000000009777
243.133999999999986130
252.139000000000010004
261.139999999999986358
270.146000000000015007
279.156999999999982265
288.160000000000025011
297.165000000000020464
306.173000000000001819
315.173999999999978172
324.175999999999987722
333.185000000000002274
342.192999999999983629
351.197000000000002728
360.202999999999974534
369.204000000000007731
378.208000000000026830
387.209000000000003183
396.213000000000022283
405.213999999999998636
414.216000000000008185
423.216999999999984539
432.218000000000017735
441.218999999999994088
450.220000000000027285
459.223999999999989541
468.225000000000022737
477.228000000000008640
486.228999999999984993
495.230000000000018190
504.233000000000004093
513.235000000000013642
522.240000000000009095
531.244000000000028194
540.245000000000004547
549.245999999999980901
558.249000000000023647
567.250999999999976353
576.251999999999952706
585.253000000000042746
594.254999999999995453
603.259000000000014552
612.259999999999990905
621.263000000000033651
630.264000000000010004
639.267000000000052751
648.269000000000005457
657.269999999999981810
666.278000000000020009
675.282000000000039108
684.283000000000015461
693.285999999999944521
702.287000000000034561
711.288000000000010914
720.294999999999959073
729.296000000000049113
738.299999999999954525
747.302999999999997272
756.304999999999949978
765.306000000000040018
774.307000000000016371
783.309999999999945430
792.312999999999988177
801.313999999999964530
810.315000000000054570
819.316000000000030923
828.317000000000007276
837.318999999999959982
846.323999999999955435
855.325000000000045475
864.328999999999950887
873.330000000000040927
882.331000000000017280
891.331999999999993634
900.332999999999969987
909.335000000000036380
918.336000000000012733
927.337999999999965439
936.340000000000031832
945.341000000000008185
954.341999999999984539
963.342999999999960892
972.344000000000050932
981.345000000000027285
990.346000000000003638
999.347999999999956344
1008.349000000000046384
1017.350999999999999091
1026.352000000000089130
1035.355000000000018190
1044.355999999999994543
1053.358999999999923602
1062.359999999999899956
1071.361000000000103682
1080.362000000000080036
1089.363000000000056389
1098.364000000000032742
1107.365000000000009095
1116.365999999999985448
1125.366999999999961801
1134.367999999999938154
1143.371000000000094587
1152.373000000000047294
1161.374000000000023647
1170.375000000000000000
1179.375999999999976353
1188.376999999999952706
1197.377999999999929059
1206.380000000000109139
1215.382000000000061846
1224.383000000000038199
1233.384000000000014552
1242.384999999999990905
1251.386999999999943611
1260.388999999999896318
1269.390000000000100044
1278.391000000000076398
1287.392000000000052751
1296.393000000000029104
1305.394000000000005457
1314.394999999999981810
1323.395999999999958163
1332.397999999999910870
1341.398999999999887223
1350.400000000000090949
1359.401000000000067303
1368.403000000000020009
1377.404999999999972715
1386.407999999999901775
1395.410000000000081855
1404.413000000000010914
1413.413999999999987267
1422.414999999999963620
1431.415999999999939973
1440.416999999999916326
1449.419000000000096406
1458.420000000000072760
1467.421000000000049113
1476.422000000000025466
1485.423999999999978172
1494.426999999999907232
1503.429000000000087311
1512.430000000000063665
1521.432000000000016371
1530.432999999999992724
1539.433999999999969077
1548.434999999999945430
1557.439000000000078217
1566.440000000000054570
1575.441000000000030923
1584.442000000000007276
1593.442999999999983629
1602.444999999999936335
1611.445999999999912689
1620.446999999999889042
1629.448000000000092768
1638.449000000000069122
1647.451999999999998181
1656.452999999999974534
1665.459000000000060027
1674.460000000000036380
1683.461000000000012733
1692.461999999999989086
1701.463999999999941792
1710.464999999999918145
1719.465999999999894499
1728.467000000000098225
1737.468000000000074579
1746.470000000000027285
1755.471000000000003638
1764.471999999999979991
1773.472999999999956344
1782.473999999999932697
1791.474999999999909051
1800.476000000000112777
1809.477000000000089130
1818.478000000000065484
1827.479000000000041837
1836.480000000000018190
1845.480999999999994543
1854.487000000000080036
1863.488000000000056389
1872.491999999999961801
1881.492999999999938154
1890.493999999999914507
1899.494999999999890861
1908.497000000000070941
1917.499000000000023647
1926.500000000000000000
1935.505000000000109139
1944.506000000000085493
1953.507000000000061846
1962.508000000000038199
1971.509999999999990905
1980.510999999999967258
1989.511999999999943611
1998.512999999999919964
2007.515000000000100044
2016.517000000000052751
2025.518000000000029104
2034.519000000000005457
2043.519999999999981810
2052.521000000000185537
2061.521999999999934516
2070.523000000000138243
2079.525999999999839929
2088.528999999999996362
2097.530000000000200089
2106.530999999999949068
2115.532000000000152795
2124.534000000000105501
2133.536000000000058208
2142.536999999999807187
2151.538000000000010914
2160.541999999999916326
2169.543999999999869033
2178.545999999999821739
2187.547999999999774445
2196.548999999999978172
2205.550000000000181899
2214.552000000000134605
2223.552999999999883585
2232.556000000000040018
2241.556999999999788997
2250.557999999999992724
2259.559000000000196451
2268.559999999999945430
2277.561000000000149157
2286.561999999999898137
2295.565000000000054570
2304.565999999999803549
2313.567000000000007276
2322.568999999999959982
2331.570000000000163709
2340.572999999999865395
2349.576000000000021828
2358.577000000000225555
2367.577999999999974534
2376.579000000000178261
2385.579999999999927240
2394.583000000000083674
2403.583999999999832653
2412.585000000000036380
2421.585999999999785359
2430.586999999999989086
2439.588999999999941792
2448.590000000000145519
2457.592999999999847205
2466.594000000000050932
2475.601999999999861757
2484.608999999999923602
2493.610000000000127329
2502.610999999999876309
2511.612000000000080036
2520.614000000000032742
2529.614999999999781721
2538.615999999999985448
2547.617000000000189175
2556.617999999999938154
2565.619000000000141881
2574.619999999999890861
2583.621000000000094587
2592.621999999999843567
2601.623000000000047294
2610.626000000000203727
2619.626999999999952706
2628.628999999999905413
2637.632000000000061846
2646.632999999999810825
2655.634000000000014552
2664.635000000000218279
2673.635999999999967258
2682.637000000000170985
2691.637999999999919964
2700.639999999999872671
2709.641000000000076398
2718.641999999999825377
2727.643000000000029104
2736.644999999999981810
2745.646000000000185537
2754.648000000000138243
2763.648999999999887223
2772.652000000000043656
2781.652999999999792635
2790.653999999999996362
2799.655000000000200089
2808.655999999999949068
2817.657000000000152795
2826.657999999999901775
2835.659000000000105501
2844.659999999999854481
2853.661000000000058208
2862.664000000000214641
2871.664999999999963620
2880.666000000000167347
2889.666999999999916326
2898.668000000000120053
2907.668999999999869033
2916.672000000000025466
2925.672999999999774445
2934.673999999999978172
2943.675000000000181899
2952.677000000000134605
2961.677999999999883585
2970.679000000000087311
2979.679999999999836291
2988.681000000000040018
2997.681999999999788997
3006.682999999999992724
3015.684000000000196451
3024.684999999999945430
3033.688000000000101863
3042.688999999999850843
3051.690000000000054570
3060.690999999999803549
3069.692000000000007276
3078.695000000000163709
3087.695999999999912689
3096.697000000000116415
3105.699000000000069122
3114.699999999999818101
3123.701000000000021828
3132.702000000000225555
3141.702999999999974534
3150.706000000000130967
3159.706999999999879947
3168.708999999999832653
3177.710000000000036380
3186.710999999999785359
3195.713000000000192813
3204.713999999999941792
3213.715000000000145519
3222.715999999999894499
3231.717000000000098225
3240.717999999999847205
3249.719000000000050932
3258.722000000000207365
3267.724000000000160071
3276.724999999999909051
3285.728000000000065484
3294.730000000000018190
3303.731000000000221917
3312.731999999999970896
3321.735000000000127329
3330.735999999999876309
3339.737000000000080036
3348.737999999999829015
3357.739000000000032742
3366.739999999999781721
3375.742000000000189175
3384.742999999999938154
3393.744000000000141881
3402.746000000000094587
3411.748000000000047294
3420.751000000000203727
3429.753000000000156433
3438.755000000000109139
3447.755999999999858119
3456.757000000000061846
3465.759000000000014552
3474.760000000000218279
3483.760999999999967258
3492.762000000000170985
3501.762999999999919964
3510.764999999999872671
3519.766000000000076398
3528.766999999999825377
3537.768000000000029104
3546.771000000000185537
3555.773000000000138243
3564.773999999999887223
3573.780000000000200089
3582.784000000000105501
3591.786000000000058208
3600.788000000000010914
3609.789000000000214641
3618.789999999999963620
3627.791999999999916326
3636.793000000000120053
3645.800000000000181899
3654.800999999999930878
3663.802000000000134605
3672.802999999999883585
3681.806000000000040018
3690.806999999999788997
3699.809000000000196451
3708.811000000000149157
3717.813999999999850843
3726.817000000000007276
3735.818000000000211003
3744.820000000000163709
3753.820999999999912689
3762.822000000000116415
3771.822999999999865395
3780.826000000000021828
3789.827999999999974534
3798.829000000000178261
3807.831999999999879947
3816.833000000000083674
3825.833999999999832653
3834.840999999999894499
3843.842000000000098225
3852.842999999999847205
3861.844000000000050932
3870.846000000000003638
3879.851000000000112777
3888.851999999999861757
3897.853000000000065484
3906.853999999999814463
3915.856000000000221917
3924.858999999999923602
3933.864000000000032742
3942.864999999999781721
3951.865999999999985448
3960.867000000000189175
3969.867999999999938154
3978.869000000000141881
3987.869999999999890861
3996.871999999999843567
4005.875000000000000000
4014.876999999999952706
4023.878000000000156433
4032.880999999999858119
4041.882999999999810825
4050.884000000000014552
4059.885000000000218279
4068.887000000000170985
4077.887999999999919964
4086.889000000000123691
4095.889999999999872671
4104.890000000000327418
4113.890999999999621650
4122.891999999999825377
4131.894000000000232831
4140.895999999999730790
4149.896999999999934516
4158.898000000000138243
4167.899000000000341970
4176.900999999999839929
4185.902000000000043656
4194.903000000000247383
4203.904000000000451109
4212.904999999999745341
4221.905999999999949068
4230.907000000000152795
4239.908000000000356522
4248.908999999999650754
4257.909999999999854481
4266.911000000000058208
4275.912999999999556167
4284.916000000000167347
4293.921000000000276486
4302.922999999999774445
4311.923999999999978172
4320.925000000000181899
4329.926999999999679858
4338.931999999999788997
4347.932999999999992724
4356.934000000000196451
4365.938000000000101863
4374.939999999999599822
4383.940999999999803549
4392.942000000000007276
4401.945999999999912689
4410.947000000000116415
4419.948000000000320142
4428.948999999999614374
4437.949999999999818101
4446.951000000000021828
4455.953999999999723514
4464.954999999999927240
4473.956000000000130967
4482.957000000000334694
4491.958999999999832653
4500.960000000000036380
4509.962999999999738066
4518.963999999999941792
4527.969000000000050932
4536.972999999999956344
4545.979000000000269210
4554.980999999999767169
4563.981999999999970896
4572.984999999999672582
4581.993999999999687134
4590.994999999999890861
4599.997000000000298314
4609.002999999999701686
4618.003999999999905413
4627.005000000000109139
4636.006000000000312866
4645.011999999999716238
4654.014000000000123691
4663.019000000000232831
4672.024999999999636202
4681.025999999999839929
4690.041000000000167347
4699.067000000000007276
4708.206000000000130967
4717.287000000000261934
4726.291000000000167347
4735.292000000000371074
4744.293999999999869033
4753.295000000000072760
4762.296000000000276486
4771.306999999999788997
4780.310999999999694410
4789.311999999999898137
4798.315999999999803549
4807.322000000000116415
4816.436999999999898137
4826.173999999999978172
4835.557999999999992724
4844.877000000000407454
4854.490999999999985448
4863.908000000000356522
4873.082000000000334694
4882.127000000000407454
4891.177999999999883585
4900.270999999999730790
4909.363999999999577994
4918.615999999999985448
4927.627000000000407454
4936.640000000000327418
4945.658999999999650754
4954.662000000000261934
4963.726999999999861757
4972.787000000000261934
4986.421999999999570719
5005.711000000000240107
5014.739999999999781721
5023.747000000000298314
5032.756000000000312866
5041.765000000000327418
5050.765999999999621650
5059.775999999999839929
5068.779000000000451109
5077.811999999999898137
5086.819000000000414730
5095.850999999999658030
5104.856999999999970896
5113.884000000000014552
5122.893000000000029104
5131.930999999999585270
5140.958999999999832653
5149.984999999999672582
5159.024000000000341970
5168.067000000000007276
5177.069999999999708962
5186.112000000000080036
5195.134000000000014552
5204.193000000000211003
5213.198999999999614374
5222.238999999999577994
5231.260000000000218279
5240.297999999999774445
5249.338999999999941792
5258.368000000000392902
5267.426000000000385626
5276.675000000000181899
5285.712000000000443833
5294.716999999999643478
5303.747999999999592546
5312.774000000000341970
5321.775999999999839929
5330.815999999999803549
5339.847999999999956344
5348.899000000000341970
5357.942000000000007276
5367.144000000000232831
5376.894000000000232831
5388.614999999999781721
5408.082000000000334694
5420.440999999999803549
5429.684000000000196451
5438.708999999999832653
5447.778000000000247383
5456.818000000000211003
5465.872000000000298314
5475.033999999999650754
5484.216999999999643478
5493.242000000000189175
5502.246000000000094587
5511.252999999999701686
5520.324999999999818101
5529.333999999999832653
5538.353000000000065484
5548.268000000000029104
5565.073000000000320142
5574.323000000000320142
5583.725999999999658030
5592.983000000000174623
5602.114999999999781721
5611.168999999999869033
5620.730999999999767169
5629.984000000000378350
5643.766999999999825377
5652.770000000000436557
5661.778000000000247383
5670.779000000000451109
5679.783000000000356522
5688.791000000000167347
5697.795000000000072760
5706.817000000000007276
5715.916000000000167347
5724.944000000000414730
5734.231999999999970896
5743.239999999999781721
5752.244999999999890861
5761.250000000000000000
5770.252000000000407454
5779.257999999999810825
5788.264000000000123691
5797.265000000000327418
5806.270000000000436557
5815.277000000000043656
5824.292000000000371074
5833.314000000000305590
5842.351999999999861757
5851.630000000000109139
5860.969000000000050932
5870.056999999999788997
5879.128999999999905413
5888.399999999999636202
5897.458999999999832653
5906.560999999999694410
5915.565999999999803549
